endtime = 3.511234521865845e-03
norma_hh = 1.947548703007248e-02
norma_oct = 5.062540356645243e-02